535
696
323
290
284
788
543
421
727
179
289
1137
1123
218
1088
397
1024
607
612
944
984
346
900
962
1009
711
122
609
303
598
540
220
418
1144
1034
808
763
679
964
331
781
682
71
896
1095
655
530
48
707
966
1099
1000
969
241
446
857
768
152
1081
873
669
505
1051
731
18
931
930
498
304
1015
240
245
1170
541
740
1112
782
2
985
321
68
35
1080
697
1126
600
1022
6
1063
956
1162
708
286
223
383
297
402
146
1104
811
263
69
459
776
1008
231
1120
559
1083
262
665
22
979
1050
476
43
804
178
271
1003
188
79
1124
705
681
702
552
83
1122
1158
175
749
424
677
366
761
448
176
706
730
767
227
199
875
792
744
558
169
167
891
1086
1097
672
469
825
886
212
105
525
1044
478
428
154
1106
829
1067
924
1033
1102
196
560
89
523
867
840
38
872
1052
299
826
841
745
409
468
342
160
414
470
213
800
738
527
834
704
125
536
614
1004
592
759
637
47
157
1064
1171
333
961
640
925
243
272
1164
50
1082
131
982
737
1002
993
14
911
605
619
683
827
497
546
208
1110
722
442
1148
1073
684
312
717
1160
960
533
1136
594
904
860
970
1059
828
821
715
379
895
392
307
934
72
426
499
907
396
866
451
630
645
1036
1154
835
750
115
492
1057
511
472
534
445
959
1089
40
661
395
78
954
1133
1119
388
1056
581
1107
166
453
1149
1153
643
889
1151
246
353
419
369
795
532
739
317
917
833
846
998
298
990
623
751
98
689
259
13
372
565
326
362
1092
128
70
484
936
281
150
461
60
862
968
555
31
871
1032
946
351
349
667
586
734
694
780
735
364
1076
266
845
207
217
631
627
974
394
853
524
842
67
4
1108
270
55
17
503
779
1061
777
778
434
316
8
755
542
932
987
1167
657
1091
765
238
549
185
308
812
1021
254
314
794
111
359
885
222
57
352
692
817
897
257
1165
201
837
1125
417
1066
221
490
15
1118
995
1105
803
754
513
903
358
28
148
1027
943
854
501
843
591
334
1111
620
139
529
553
1159
189
162
654
585
411
132
130
732
494
355
756
80
385
1054
699
832
100
1079
1062
155
971
718
713
26
721
695
288
1010
356
574
386
703
521
1103
390
830
422
599
467
910
1048
30
902
126
980
868
1172
282
766
1058
471
743
210
235
1168
1006
39
887
102
786
566
958
1141
823
809
11
736
439
458
504
698
306
7
816
618
114
1143
633
1109
280
952
92
1074
572
813
311
462
973
133
112
123
650
449
450
287
444
216
232
153
24
106
113
568
1016
562
482
701
293
249
412
310
226
675
203
438
556
693
957
361
531
261
151
195
53
859
700
456
628
1166
758
144
947
939
85
410
398
367
399
229
493
570
437
198
496
589
805
322
209
651
391
124
912
680
3
638
244
480
1037
49
59
267
336
234
93
926
1047
27
955
161
435
760
389
278
933
595
408
325
354
1098
197
101
876
170
935
772
117
413
967
746
1068
950
474
29
806
616
881
1134
976
514
916
836
255
380
371
86
109
338
332
1042
16
82
90
1030
898
455
893
330
582
273
251
1163
865
339
376
648
1001
202
61
274
129
136
528
864
557
329
168
205
1039
791
652
1147
134
949
874
34
473
441
401
447
253
518
211
724
340
225
436
118
855
1049
265
642
981
21
1046
277
368
260
42
906
1132
19
986
945
171
425
1084
495
686
328
432
285
25
611
796
464
360
377
12
206
1035
73
5
180
769
919
215
145
32
1005
103
487
983
1135
621
20
1040
848
1078
668
1093
477
252
858
1161
258
275
564
899
915
239
163
720
491
676
256
489
1101
801
824
463
757
95
37
905
485
644
23
76
997
894
1138
510
678
928
370
457
1155
58
869
1096
319
381
674
802
850
324
908
569
844
590
1128
1114
454
901
127
508
506
44
1090
783
663
375
427
204
337
1014
726
200
787
415
140
423
593
849
512
374
36
407
920
62
519
797
544
597
1012
77
283
416
880
918
608
670
1069
156
120
143
147
1041
622
1140
269
295
571
433
97
516
1028
576
276
819
790
587
877
629
365
302
641
264
247
579
309
183
602
870
584
573
214
1011
882
852
951
301
1085
164
601
74
879
452
550
578
502
242
561
580
313
603
831
938
615
1055
658
762
66
403
300
81
975
748
45
1029
192
1071
500
941
646
431
318
774
583
460
393
420
1139
233
96
709
193
890
851
775
653
141
488
798
634
1131
789
520
46
664
588
719
1142
807
563
1072
741
883
