267
669
877
358
776
983
1209
556
657
8
415
1340
1238
727
605
650
958
1197
273
484
849
411
854
1217
810
1200
396
178
1060
1354
471
1336
864
294
820
970
977
1270
215
1363
93
1314
1273
1412
1157
12
1001
1214
1319
1332
926
1370
569
292
278
850
324
68
916
1006
211
1183
634
557
1247
722
412
490
1190
921
898
752
1382
937
1167
1019
494
133
27
398
619
184
1414
1061
611
3
1344
384
889
800
1233
62
531
130
260
731
356
671
1293
888
1316
214
110
925
1288
56
97
348
203
817
628
63
732
1249
1213
857
1079
242
891
212
195
712
1189
1003
87
1321
1163
735
1289
363
18
105
819
981
1371
191
951
347
1206
629
1421
943
1203
0
364
1000
314
380
1117
642
1054
23
632
344
839
851
788
997
89
1091
497
1138
436
969
500
880
860
988
419
769
1018
1356
559
862
1330
596
661
759
1329
821
1365
793
291
637
848
1269
353
1170
987
1390
269
325
315
476
1143
929
743
652
1312
268
662
281
806
1231
112
859
44
1011
720
454
1124
169
884
1428
155
765
902
47
544
261
1311
83
836
479
764
1216
886
1406
1381
692
1378
198
423
377
630
339
613
1178
1174
1159
1102
1264
1386
811
1193
143
1036
887
1422
1230
590
960
1076
274
562
1095
1343
1109
86
714
866
399
288
872
841
232
787
767
1425
774
985
551
1154
428
1026
1283
1127
434
681
50
357
464
432
1145
309
10
658
1133
1358
616
425
376
156
885
863
224
665
486
1346
923
772
346
603
1286
1007
468
137
1169
418
1361
871
636
1020
258
1232
1427
466
461
1086
576
78
1284
1415
11
1325
1038
534
256
747
1357
1005
1058
1105
928
168
990
459
1292
515
350
982
1025
829
1400
170
1093
1355
387
1172
1013
639
595
114
20
340
1350
442
142
721
1015
1
640
744
439
5
1155
336
1010
583
1275
37
420
102
201
525
306
493
1202
705
938
1196
1300
180
939
94
1305
272
758
861
34
81
299
704
161
598
976
1192
450
827
38
528
835
1130
1280
1246
883
803
1046
641
321
189
996
699
159
867
73
840
1287
311
1094
91
600
808
1049
908
1395
1341
870
778
297
1240
453
924
289
1077
910
319
833
1185
17
961
456
1009
75
390
367
790
651
1368
426
1417
433
474
604
255
460
627
1281
1407
213
286
1053
374
922
543
469
1073
210
478
249
586
1173
1017
100
645
22
846
1160
504
1241
368
903
129
679
1426
124
554
710
31
1220
422
202
1072
67
607
375
1278
552
90
1374
1255
975
1207
1037
158
802
1364
1137
457
1198
1290
1097
330
1153
1211
230
831
82
589
1338
1408
16
852
1410
667
329
305
931
362
610
905
593
1119
501
1088
1090
768
1388
602
1307
555
522
932
219
691
882
1147
58
553
680
36
483
1369
1266
174
1042
1184
1310
1274
972
135
238
614
575
6
956
458
837
749
1176
51
577
126
240
750
407
700
1035
1313
1248
228
106
865
1234
48
1315
392
197
845
622
52
753
1194
1129
994
237
1333
1399
716
1360
953
71
1267
1044
1396
1236
409
19
92
847
188
391
1115
1285
1416
1022
2
421
338
448
1004
659
32
631
389
1326
897
804
72
558
507
1034
560
935
915
1081
506
799
591
919
1282
609
685
782
1272
853
1362
809
326
646
874
1208
405
1059
1403
265
383
351
537
1002
780
678
248
1304
688
1177
316
838
1279
834
623
1295
123
617
913
39
1271
1125
88
858
719
220
519
1224
154
945
1423
144
670
795
965
41
760
968
194
963
584
1402
1265
241
1405
59
856
540
784
1180
285
9
742
164
386
1263
899
736
715
1064
251
1259
1334
1128
487
813
152
1424
257
125
193
1108
295
978
264
1156
1239
516
761
1158
489
139
666
449
35
917
138
401
282
243
485
366
437
145
349
779
4
480
689
410
594
618
482
65
431
1150
183
1227
427
1069
532
633
587
541
1389
638
239
206
989
533
69
472
565
708
1168
122
1347
33
1223
141
1175
115
371
796
153
1045
462
979
417
1245
345
424
1152
416
571
842
337
1146
906
370
766
1294
176
755
77
150
948
276
547
209
1301
196
828
1120
108
1050
245
683
320
136
1195
1136
573
748
739
313
1114
914
318
397
250
1098
204
263
1244
668
1317
430
113
572
502
549
327
25
701
343
406
109
134
1262
95
254
160
1256
824
400
635
1291
177
128
592
395
825
280
7
539
441
530
1258
455
1186
167
1268
451
785
823
253
216
1306
30
524
1215
1062
24
1039
117
1250
54
404
146
513
446
394
447
443
771
805
1016
15
393
624
403
104
900
79
1082
1101
1087
165
1052
1254
40
826
517
1188
132
302
733
745
217
1297
1393
207
1144
26
307
43
312
259
875
333
107
777
1051
1028
328
1377
1201
585
303
869
308
1043
971
98
773
192
578
894
548
166
682
1107
290
74
199
814
331
526
582
999
1418
1089
287
621
28
118
119
581
148
354
402
1235
1092
775
359
1166
693
435
172
801
1122
746
1298
697
993
120
676
1056
80
252
738
1032
1070
226
361
1323
1397
570
696
612
1067
103
222
1404
514
973
673
718
45
341
190
1029
1352
1121
535
99
1225
797
1116
298
1375
703
702
492
111
876
1057
1277
1030
606
467
231
1031
360
1385
322
1242
1337
1065
855
1331
157
1123
1140
1320
511
1318
538
61
936
660
179
284
510
1023
1164
966
42
542
481
545
955
730
76
724
508
1383
171
684
620
687
615
934
698
1151
1387
762
892
1135
980
1296
947
445
728
1008
1080
512
1353
385
496
491
647
868
751
379
1199
763
444
959
954
723
1179
200
717
1048
85
173
992
792
332
625
235
1071
1384
233
741
920
1110
96
816
1112
293
1100
695
373
147
991
946
653
713
707
1299
369
901
770
