642
836
384
348
342
951
652
497
877
215
347
1382
1365
267
1321
471
1238
729
735
1143
1189
415
1091
1163
1219
859
151
731
363
720
649
269
494
1390
1249
981
921
817
1165
396
943
820
93
1085
1330
788
637
63
851
1167
1336
1209
1170
292
529
1041
926
184
1312
1061
806
605
1270
881
23
1126
1124
596
364
1226
291
296
1428
650
891
1351
944
3
1190
381
87
44
1311
839
1370
722
1233
8
1288
1157
1419
854
344
273
454
356
476
178
1342
984
315
89
544
937
1218
281
1359
671
1316
314
800
27
1183
1269
567
56
977
214
324
1213
227
101
1366
849
819
844
662
105
1363
1414
211
902
500
815
436
918
531
212
850
880
925
277
246
1063
958
896
669
205
203
1079
1319
1332
810
557
1000
1074
260
130
632
1260
569
509
187
1344
1006
1293
1117
1247
1340
242
672
112
629
1054
1018
47
1060
1273
358
1001
1019
898
484
556
411
195
490
559
261
970
889
634
1011
848
155
643
737
1214
712
916
765
62
191
1289
1429
398
1162
769
1118
294
325
1421
66
1314
162
1187
888
1212
1200
18
1103
727
743
821
1003
595
655
256
1348
871
525
1394
1300
822
372
866
1417
1161
640
1381
714
1095
1046
1172
1283
1005
996
863
450
1084
466
367
1130
94
504
598
1099
470
1053
534
757
774
1251
1407
1013
903
142
586
1280
613
562
641
528
1160
1322
50
794
469
100
1155
1378
1358
461
1278
699
1345
202
536
1395
1406
772
1077
1400
297
423
495
439
961
639
890
377
1109
1010
1026
1205
357
1196
747
904
121
827
311
17
442
679
387
432
1325
159
91
576
1133
339
182
546
78
1049
1169
665
38
1058
1246
1145
420
418
803
705
885
833
942
886
434
1303
319
1025
255
266
758
754
1178
468
1036
630
1020
86
5
1346
323
73
22
603
941
1286
938
939
515
376
10
909
651
1127
1192
1425
790
1324
923
289
658
224
368
985
1232
306
374
960
137
429
1073
272
75
422
830
990
1086
309
1422
249
1015
1368
493
1292
270
583
20
1357
1202
1343
976
908
616
1094
428
34
180
1241
1142
1038
600
1021
710
399
1350
744
170
636
663
1415
229
198
787
704
486
163
161
883
590
425
910
102
456
1276
841
1009
124
1308
1287
189
1173
867
861
31
870
835
346
1220
426
692
459
846
627
1341
464
1007
498
721
554
1102
1264
37
1093
156
1185
1055
1430
340
924
1281
561
895
258
286
1426
1216
49
1075
127
949
681
1159
1386
998
982
13
887
521
543
604
840
265
154
1034
915
1307
1401
409
1090
932
391
995
962
1423
617
1364
1129
1248
1367
52
1033
1184
935
329
506
845
1413
1408
680
782
32
646
421
781
659
1208
248
1119
1177
575
1097
106
753
6
1022
457
602
1198
71
678
674
1059
14
1137
858
931
734
610
326
719
558
389
174
271
519
1398
1396
407
1272
622
537
913
974
158
975
856
351
72
584
852
1044
316
1310
1274
1176
338
36
1004
1295
48
882
228
362
1037
1290
90
1333
1374
865
688
92
1326
219
560
838
507
577
220
893
283
238
691
218
197
1139
837
589
240
126
631
1265
597
563
185
1285
1147
1088
1267
237
1362
123
623
41
1132
408
963
550
588
488
194
553
591
241
1035
953
644
1125
874
1255
667
1328
716
972
1081
795
39
994
335
236
51
1279
784
16
1369
144
1431
1338
483
1266
1002
700
405
244
799
1211
593
448
330
383
1416
188
1335
53
768
149
1282
952
905
802
711
82
463
1313
847
685
1402
1410
834
522
1304
1360
19
1207
740
609
780
853
1115
366
9
989
742
141
1389
761
1347
337
1152
115
1301
689
986
371
547
1175
164
138
152
779
532
533
345
527
264
282
186
29
131
139
683
1227
675
573
843
352
300
487
370
276
813
251
520
666
832
1158
431
638
313
183
239
69
1045
842
541
755
1424
914
176
1146
1136
108
485
472
437
473
279
587
686
518
245
594
708
978
382
257
783
465
153
1104
818
4
766
295
571
1252
65
77
320
401
285
116
1120
1263
33
1156
196
516
917
462
334
1128
715
482
386
424
1334
243
125
1064
206
1131
930
145
489
1168
899
1294
1150
565
35
979
739
1069
1379
1180
618
1108
1014
307
451
441
109
134
403
397
1258
21
104
113
1244
1087
539
1082
395
701
327
302
1420
1052
404
446
777
1210
250
79
328
160
167
635
1051
668
394
204
253
1254
957
785
1393
165
1149
1062
43
564
524
475
530
304
624
259
873
406
275
517
146
1039
1268
318
771
1186
26
1262
333
438
312
55
1098
1377
24
1191
1144
207
502
1317
592
824
393
513
343
30
733
964
549
430
447
15
254
1250
95
7
216
927
1111
263
177
40
1215
128
580
1188
1380
745
25
1256
1028
1306
805
1327
568
303
1043
1418
310
331
677
1089
1107
290
199
869
585
814
308
582
1339
971
999
548
912
118
46
1096
578
773
28
98
1204
1083
1383
612
816
1122
440
542
1409
76
1056
1331
379
452
812
973
1030
385
1100
684
1023
709
1372
1353
538
1092
157
608
606
57
1323
946
797
445
508
252
402
1225
876
247
950
491
171
499
713
1029
615
444
45
481
1112
80
625
966
653
718
1222
99
341
492
1068
1110
730
807
1296
190
148
175
179
1257
746
1385
322
354
687
514
120
620
1242
694
332
992
955
706
1065
756
435
361
770
317
298
697
369
222
724
1057
703
690
262
1221
1070
1032
1151
360
1318
200
723
96
1067
535
660
696
601
293
673
698
373
725
1008
1135
738
1277
791
920
85
477
359
103
1179
901
60
1243
233
1298
599
1140
775
512
378
934
702
545
467
496
1384
284
119
855
234
1078
1031
936
786
172
581
967
762
1376
954
626
61
798
707
868
1387
980
676
1299
892
1071
